101433888551742212695815547612
938167568388204946850444014973
552225295524417299677765328391
041134752360697573127627890339
928512788353035379324621121930
487374119468570292963394682119
309612147208071916632150058074
288541806666872729511507795428
198611924161845107186171925160
897057437994366640527080709974
196010997887171744777773238127
426719298099457355461441895309
179745187356182954639936239312
111441673001769320428309983098
143808273111114990184509747682
286295960531840447917250319830
692248137131608549529134745716
603359375347475057003149386024
760525781630064079093210849582
123797009578607454942855258392
493522169093618913119083202064
948344947533258927672052196644
524181064086370688701330726428
206455166773336716411859646836
390317065039476462633373719912
545439799448436428950925315426
599098420201964280419761480904
074969826240152775972176190823
345920953748566595343580933702
653636163276333577504093078759
414174729499944194500005388009
394456391490572323771906019855
724465573647230230673248512836
352900490014138746738541977535
168695208214828422430250643999
083355570638891809304848857689
053613443865399035378179759822
320383453696307447817118768225
406253256309069524210067336691
425656084048566493619031023983
430906182460519776836414429560
593450030385538756983978987963
945504981098772550313015095486
124514379747856715683047202196
598318743614037559190440057614
833081528503066052838408349809
872492831574145690719900096490
510095980305068212425118076250