92051048757
92051861424
92052033215
92052877491
92052999663
92060349478
92060618813
92060816563
92060863855
92061083359
92061754985
92061937214
92062548936
92062762152
92062962545
92070111188
92070336152
92070952712
92071176944
92072355391
92072589329
92080361249
92080864292
92081076313
92081119933
92081817558
92081982469
92082477625
92090349976
92100661849
92101543816
92103163461
92111027117
92111479877
92112571134
92112635683
92121027392
92121586455
92122718336
92122755816
92122899246
93010287374
93011731988
93012248937
93012423916
93013078979
93020294887
93020344452
93020492353
93020984197
93021324462
93021966581
93022138167
93031176282
93031426752
93031439697
93031562344
93031853565
93031922166
93032549924
93041061585
93041252815
93041271841
93041329773
93041967867
93042094111
93042372947
93042594253
93051494722
93052164592
93052321317
93052712924
93052759398
93060314174
93060626866
93060757559
93061087466
93061243679
93061564929
93062061135
93070995479
93071912839
93072382295
93080133818
93080136224
93080261416
93080464147
93081269666
93081336463
93081892851
93082456168
93090575941
93090925753
93091115319
93091278935
93091575513
93091812971
93092337785
93092435575
93092663774
93101369477
93101749226
93102056134
93102651636
93110169918
93110195784
93110591337
93111079234
93111422865
93112296421
93112747286
93120854668
93120948925
93122038392
93122174335
93123086325
94010593869
94011095964
94012177294
94012331191
94012833877
94020179251
94020355996
94020368381
94020462177
94020859896
94021031192
94022461945
94030283737
94030588351
94031061512
94031766363
94031972793
94032585554
94032747169
94040669736
94041273536
94041715238
94042061826
94042538867
94050341862
94050415987
94050582715
94051599561
94051786439
94051886221
94051893894
94052013633
94052063812
94052327952
94052812232
94060394564
94062364747
94062767281
94062811591
94070167664
94070444888
94070532538
94072349563
94072628581
94080228692
94080448661
94080681844
94080977152
94081134358
94081268846
94082215991
94082711312
94083048134
94091089918
94091411788
94091495359
94091517385
94091751347
94092286956
94093037193
94100357838
94100835552
94102052458
94103033254
94111993425
94112234831
94112973718
94121421336
94121925755
94122135195
94123156375
95010144314
95010286766
95010919439
95010931895
95011221717
95011368836
95012344439
95012636248
95020584568
95021137376
95022151559
95022812243
95030373332
95030438448
95031582894
95040576286
95041132892
95041645299
95042088338
95042249539
95042653121
95050162572
95050294464
95051277866
95051878845
95052836383
95052939154
95053039198
95060298582
95061884197
95062252193
95062355629
95071044176
95071489133
95071627434
95071674573
95080318259
95080577175
95081712847
95082916158
95090322493
95091292595
95091617358
95092124468
95092172959
95092264276
95092628511
95101084297
95101667241
95103086594
95111035621
95111457382
95111492877
95111824241
95112489689
95112894814
95120191648
95120487536
95120591417
95120745656
95122261156
95122344488
95122598863
95123151452
96011223945
96011338285
96011788721
96012247623
96021765853
96022049899
96022327144
96030997362
96031551327
96032039774
96032965482
96040333314
96041586933
96041717944
96042084485
96042123681
96043095419
96050286545
96050379498
96050419725
96050641553
96051111367
96051135916
96051572319
96051865921
96052561949
96052982418
96060783968
96061044486
96061094795
96061777722
96062773598
96070166834
96070825977
96072293545
96080514843
96081092979
96081684932
96081771827
96081928342
96082398784
96082593622
96090264886
96090634229
96090866484
96090923899
96091269286
96092278614
96092746489
96092784458
96102819712
96110243976
96110878613
96111514855
96111524476
96111917733
96112171271
96112275739
96112845442
96120158756
96120239628
96121964255
96122014799
96122095251
96122279451
97010159347
97010621727
97010812385
97010983179
97011693781
97012853362
97012894365
97020245331
97020963358
97021392858
97021486467
97022426727
97022784472
