552934353
212743197
614493415
877265720
939073555
703181500
460555641
383546647
964600274
069975021
117773102
146602007
846859658
565316524
801501765
177522557
263132290
981667440
759876486
424749273
668081076
014698076
405170912
248731504
369075058
292757171
661220860
585999223
613364986
426998750
588796443
494486741
708457295
098985548
727258715
183048068
807507390
743236115
893371584
089570159
090064040
837208391
773598496
734436048
03323654762341
95719682917901
42151642798432
40812151273267
01819713592918
93492936591810
34307678276077
32135055649478
87389293363441
91277341455510
29415077048027
11397249021847
09173765270729
05053175021406
39050891180816
84754485699030
08839333024833
37518436380233
50950080097389
17141074583664
97283675732771
82088989868452
03953292702143
89911690190878
97756116040286
32144382627440
44434313018973
91342636085026
88516060041388
45253233337854
95445408296100
44122116567241
06036486003065
70477572799427
06874125583845
77180248438503
43333864345290
64448395901404
38877471081510
91647834037913
80439395174120
33502364547293
33921709184375
83358581483103
68516819211120
92277555298175
49823030098253
63585604092164
86275450444279
46844001545997
