729359399
789284048
699191379
690684188
500017281
571316237
881210993
787179788
739359543
739340576
722424951
536255334
699091988
661837272
881814520
793880105
722779263
699299418
666747444
883954436
663967212
699657058
884670739
795873095
536131153
883927117
722258680
728307101
795796246
728998367
734295219
783741141
692685165
887207323
796359348
699024982
726597013
725156200
729762482
728840787
699356109
783409036
539557020
881844070
881789833
699639705
789305344
739009577
699287879
727885288
666060612
728646714
697406675
536177851
533037903
699264265
722771966
571452209
666194907
536188639
729156622
739319450
699070368
666717158
887714830
881354858
722202797
787875377
789523305
734439813
699023535
536874621
601501661
728159882
690946691
699644567
699073446
571125610
883091825
666443552
881420262
727827929
699618809
666194574
536218137
783618199
536757975
737572059
571427508
699202631
881601471
536767521
883991005
728772356
880374511
793581880
796935325
722143506
881449767
536552978